6723.211655
8.424096
12.421706
14.303782
16.727745
18.661133
20.591763
22.577873
24.740698
27.223010
29.460101
31.118519
33.117459
35.062530
36.928844
38.845750
40.831480
42.831014
44.618722
46.228588
48.644459
50.497259
52.535964
54.254029
56.434438
58.496281
60.299727
62.344237
64.373395
66.348088
68.163930
70.218963
72.165560
73.994652
75.769269
77.469423
79.376092
81.770422
83.806998
85.669326
87.798136
90.258990
94.318867
96.256657
98.532949
100.471043
102.419529
104.655073
108.984300
110.789105
112.618118
114.674372
116.569388
118.676377
120.695459
122.343165
124.278843
126.183318
128.115534
129.900904
131.841660
133.898834
135.832170
137.761448
140.633666
142.520716
144.459614
146.769035
148.914625
151.031122
152.978768
155.010310
157.218201
159.416936
161.711502
163.741867
165.858777
167.796062
169.656939
171.516725
173.532750
176.172127
178.671330
180.693404
182.704157
184.832882
187.160479
190.251555
192.308797
194.370429
196.539328
198.465831
200.553255
202.936096
204.762232
206.443058
209.129177
211.478855
213.712569
215.689220
217.879386
219.752910
222.148294
224.041320
225.992921
228.074366
233.378687
235.292139
236.983778
239.142656
241.190684
242.731328
245.121650
247.087925
249.029022
251.212150
253.112305
255.545974
257.748665
260.022322
261.976092
263.802493
265.692077
268.024687
270.025631
272.051013
274.439864
277.049076
279.427899
281.793638
284.431085
286.800191
288.832291
291.077134
293.056638
295.004205
297.109576
299.242888
301.710723
303.907029
306.005348
308.422769
311.149130
313.212209
315.879805
318.383032
321.047980
323.053964
325.288754
327.429477
329.508714
331.756151
333.825845
335.976255
338.036753
339.972274
342.188007
344.328323
346.901163
348.873095
351.667806
353.550898
355.680189
358.563285
360.522164
362.705247
365.138309
367.210143
369.558427
372.158687
374.195871
377.235263
380.089267
382.208367
384.327296
386.472623
