6910.2
3.053739
5.489199
8.096071
10.858556
13.373003
16.726005
19.376833
22.523546
25.507229
29.308765
32.364891
35.228803
37.918787
41.040790
43.778479
47.143076
50.421490
53.789147
57.324904
60.518623
63.352565
66.884544
70.204401
73.704895
77.153741
80.360073
83.367636
86.392509
90.553885
94.337684
98.318711
103.369564
107.400672
111.038514
114.285381
117.196091
120.880477
123.783324
126.334237
129.525171
132.718087
136.037950
139.287109
142.923545
145.944317
149.922608
153.205283
158.594575
162.251705
165.674411
169.154797
172.408311
175.601674
178.726873
181.788605
185.388439
189.896596
193.795821
198.214509
201.854589
206.874349
211.651997
215.317175
218.449185
221.703824
225.714640
229.392206
232.537584
235.257693
238.578399
242.876360
246.580935
249.732956
252.927917
255.342986
260.065434
263.216902
266.829268
270.013572
273.443460
276.693425
280.468715
283.527205
286.771156
291.365034
294.230268
297.090909
302.056375
304.778578
307.902587
311.350334
314.307616
317.598597
321.394082
324.316432
327.188525
330.817905
334.475085
337.534749
341.164339
344.410363
348.046320
351.684208
354.416897
358.588492
361.475853
364.016865
367.609280
370.672432
373.613500
376.643746
376.674279
379.555942
382.338939
385.125760
388.167000
391.145817
394.631923
398.059522
400.854012
404.161683
406.826507
409.029398
411.850308
415.629902
418.887040
422.046442
424.834799
427.219624
430.099542
433.205498
436.533207
439.440728
442.616717
446.732171
449.737257
452.825993
455.829300
458.405012
462.445437
466.007259
470.366331
474.292570
477.043469
479.682516
