5645.041744
16.585469
19.335072
22.592903
25.054432
27.701918
30.502996
33.742348
36.765668
39.578555
42.417111
45.505275
48.689091
51.408508
54.226510
57.158420
60.029438
62.656203
65.472378
68.105007
70.913002
73.646495
76.032694
78.919950
81.848530
84.617615
87.292088
90.132319
93.010950
95.851321
98.935313
101.831254
104.295235
107.262755
110.478701
113.435015
116.119335
119.102016
121.471800
124.947775
127.931983
131.081320
133.932728
136.253358
138.440626
140.879982
143.223015
145.287940
147.485087
150.031091
152.509372
155.420200
157.880831
160.503360
163.024669
165.840167
168.408197
170.847867
173.437302
176.713171
179.283066
182.104791
184.899191
186.925791
188.857732
191.031643
193.298038
195.555973
197.914369
200.594943
202.939262
205.095062
207.109849
209.004264
211.226668
217.331559
220.495002
223.002242
225.359789
227.496227
230.113070
232.086865
234.889071
237.515255
239.957217
242.173423
244.866625
247.288068
249.425290
251.628006
253.849189
256.081630
257.906352
260.224361
262.732695
264.945047
266.957023
269.473641
272.059345
274.334681
276.441043
278.809768
283.005155
285.422512
287.984197
290.391270
292.630632
295.158887
297.571241
