5467.612499
6.553099
8.265157
9.872693
11.666871
13.358295
14.903033
16.544585
18.712392
20.458652
22.161099
24.290690
26.113760
27.878069
31.403907
33.214994
34.818560
36.512908
38.728258
40.973353
43.264963
45.148101
47.483900
49.334206
53.462073
55.459499
56.869563
58.760546
60.666248
62.454350
65.222315
67.248413
68.951719
71.958274
77.491015
79.040275
80.664564
82.571718
84.404720
85.920024
87.920282
89.866438
91.624249
93.323486
96.148099
98.298713
100.213850
101.939061
103.806031
105.507431
107.288772
108.985119
110.568851
112.194682
114.069404
115.879542
117.888228
123.118888
125.804918
128.357666
130.869834
133.374726
136.159942
138.642433
141.182983
143.791358
145.987367
148.012815
150.139443
152.529520
154.856171
157.044329
159.344883
161.599249
164.067488
166.269831
168.472434
170.786873
172.807034
175.339586
177.653344
180.164192
181.332353
182.804308
184.830143
188.042945
190.988780
193.154016
195.734292
197.859008
200.088395
202.178424
204.305728
206.474495
209.056447
211.279639
213.440725
215.680668
218.138000
221.165097
223.213930
225.514770
227.670744
229.511996
231.782033
234.024771
236.984985
239.382579
241.713045
244.270984
247.044975
249.402232
252.215459
254.865633
257.752869
260.185001
262.706882
265.575949
268.031854
270.186842
272.831805
275.124810
277.271227
279.387106
282.034946
284.297928
286.774683
289.017847
291.164573
292.923080
295.235183
297.930709
300.313086
309.636238
312.081717
314.176774
316.633932
319.083849
321.485892
323.831549
327.756744
330.282367
332.684370
335.591684
338.346958
340.618118
343.301949
346.011545
350.399958
353.219325
356.153332
358.782856
361.721577
364.826482
367.485152
370.310555
372.978373
375.132724
378.224697
380.817446
383.092516
385.552067
389.180902
391.557125
394.046386
396.837744
399.402407
401.984575
405.707071
408.289949
410.955237
413.524709
416.126954
418.594859
421.149004
423.786883
426.675475
430.200227
432.969562
435.524148
438.289649
441.222479
444.853726
447.261128
449.644182
451.857419
453.600476
455.416489
