496899.6666
5.5276572704315186
10.153862714767456
14.179827690124512
18.774585008621216
24.01783323287964
26.84443211555481
29.704638719558716
33.26786708831787
35.9987006187439
38.59379529953003
40.93363881111145
61.28534150123596
71.51992917060852
74.59926629066467
77.03531193733215
80.1095974445343
83.07204556465149
86.0138828754425
89.3434066772461
92.61338520050049
100.63493180274963
103.30021739006042
106.5068154335022
110.09295058250427
112.67207646369934
119.71376752853394
123.23052906990051
127.54575395584106
130.87921047210693
134.1781940460205
137.38254308700562
140.9890537261963
144.41802978515625
148.00901889801025
151.30638456344604
154.87277269363403
158.5685293674469
162.27395820617676
166.1494743824005
169.4166615009308
172.87546348571777
176.01039457321167
179.75313258171082
184.4039785861969
187.71782422065735
190.34548997879028
192.90016412734985
195.46001553535461
198.57945370674133
201.77226161956787
205.2445695400238
207.83791160583496
210.4944622516632
213.51047253608704
216.4840579032898
219.16211128234863
229.62369656562805
234.73049020767212
237.46993899345398
240.31573033332825
243.8639693260193
247.29764461517334
250.51299047470093
253.8052260875702
257.37191677093506
260.767808675766
264.3442749977112
270.52595686912537
273.754855632782
277.2751579284668
280.0951406955719
284.7705121040344
288.4310474395752
292.1705322265625
295.38891196250916
298.2080080509186
301.15562105178833
304.52449679374695
307.6874475479126
310.14940905570984
313.2234101295471
316.28867077827454
319.7637937068939
323.084876537323
326.45183181762695
329.6924126148224
332.82996702194214
336.0276598930359
339.4860680103302
342.73199105262756
345.67934489250183
348.93129897117615
352.1591753959656
355.1995325088501
358.4052667617798
361.39115023612976
364.2508351802826
371.5917241573334
374.536009311676
377.92585611343384
380.9852511882782
384.40517234802246
386.79902839660645
389.3981397151947
391.59615325927734
394.10009694099426
396.622517824173
399.86826848983765
403.6472182273865
406.7449162006378
409.72256350517273
413.01681113243103
415.9721591472626
418.93030405044556
421.8087649345398
424.92847418785095
427.98504972457886
431.7477009296417
435.22740960121155
438.5135746002197
468.46999502182007
478.95634508132935
481.93358278274536
484.89400696754456
487.8048598766327
490.77708172798157
493.5181522369385
496.2547209262848
499.7273778915405
502.61074709892273
505.5964403152466
508.76426243782043
512.0912511348724
514.9874751567841
518.2780058383942
521.1177122592926
524.1231570243835
527.020090341568
530.2786161899567
532.9533793926239
536.8144421577454
539.7930219173431
548.5766007900238
551.2652943134308
554.8076395988464
557.9191439151764
561.8887410163879
565.1305227279663
568.2268178462982
572.0276489257812
575.2422161102295
578.5963838100433
581.5283925533295
585.7971804141998
589.0744519233704
592.7102792263031
595.7340350151062
599.2265756130219
602.4003314971924
605.6019625663757
608.902250289917
612.2227773666382
616.1156532764435
