4681.134732
7.307093
9.054032
10.986552
12.836649
14.519954
16.636175
18.598016
20.857106
22.936916
25.031528
27.222687
29.132185
31.174443
33.139179
35.039981
37.476504
39.667421
41.675972
43.648372
45.526230
47.407530
49.405927
51.619846
53.768168
56.325551
58.818195
62.210251
64.413018
66.572162
70.990206
72.703447
74.277847
76.482387
78.714527
80.900418
83.086126
85.145041
87.347647
89.377412
91.746226
94.289660
96.730851
98.801299
100.958228
103.738323
105.893895
108.001260
110.133317
112.383603
114.622239
116.462431
118.336676
120.281652
122.194826
123.939717
125.965696
127.852402
130.017361
131.624135
133.399763
135.685802
137.699333
140.128040
142.284807
144.378531
147.391056
149.536230
151.931839
154.060954
157.308282
158.902346
161.021808
164.785505
166.890141
169.543503
171.954644
174.688694
176.643275
178.904145
181.336548
183.783638
185.983125
188.529562
190.835629
193.631163
195.769655
197.918040
199.876499
201.728332
203.642142
205.826546
207.627981
209.498192
211.051314
212.766150
214.313297
215.909954
217.535351
219.130435
220.689933
222.426831
224.180639
226.078531
227.875448
229.730478
231.847446
233.676909
235.621749
237.670276
240.167822
241.827954
243.702399
245.578493
247.516285
249.420540
252.656075
254.645667
257.023384
258.926674
260.758218
262.666091
264.584404
267.332194
269.092531
272.037862
273.695710
275.660009
277.699580
279.852473
281.669793
283.946423
285.835407
288.074954
290.065480
292.176508
294.272495
296.148953
297.970902
299.827866
302.037061
303.759361
305.452043
307.293619
309.063139
310.829096
313.094808
315.474205
317.407284
319.192552
321.705278
323.794677
325.686857
327.953244
330.314595
332.592484
334.751017
336.980315
339.025858
341.384547
345.448348
347.389253
349.508704
351.487200
353.310823
355.163222
357.691089
359.948268
362.176849
364.055768
366.488241
368.315877
371.293340
373.653368
375.684484
378.129927
380.242975
382.601754
384.697708
